function c=getC
c(1) = -205.0/72.0; c(2) = 8.0/5.0; 
c(3) = -1.0/5.0; c(4) = 8.0/315.0; c(5) = -1.0/560.0;
